[Page Setup]
PPDName=A3
DisplayName=A3
Width=297
Height=420
MarginTop=2.9999891493055553
MarginBottom=2.9999999152289494
MarginLeft=2.9999999152289494
MarginRight=3.0000106811523435
Orientation=landscape
